1:	X	2	X	X	1	1	1	1	1	X	1
2:	2	X	2	2	1	1	1	1	1	2	1
3:	1	X	2	X	X	1	1	1	1	1	X
4:	1	2	X	2	2	1	1	1	1	1	2
5:	X	1	X	2	X	X	1	1	1	1	1
6:	2	1	2	X	2	2	1	1	1	1	1
7:	1	X	1	X	2	X	X	1	1	1	1
8:	1	2	1	2	X	2	2	1	1	1	1
9:	1	1	X	1	X	2	X	X	1	1	1
10:	1	1	2	1	2	X	2	2	1	1	1
11:	1	1	1	X	1	X	2	X	X	1	1
12:	1	1	1	2	1	2	X	2	2	1	1
13:	1	1	1	1	X	1	X	2	X	X	1
14:	1	1	1	1	2	1	2	X	2	2	1
15:	1	1	1	1	1	X	1	X	2	X	X
16:	1	1	1	1	1	2	1	2	X	2	2
17:	X	1	1	1	1	1	X	1	X	2	X
18:	2	1	1	1	1	1	2	1	2	X	2
19:	X	X	1	1	1	1	1	X	1	X	2
20:	2	2	1	1	1	1	1	2	1	2	X
21:	2	X	X	1	1	1	1	1	X	1	X
22:	X	2	2	1	1	1	1	1	2	1	2
23:	2	2	2	1	X	1	1	X	1	1	1
24:	X	X	X	1	2	1	1	2	1	1	1
25:	1	2	2	2	1	X	1	1	X	1	1
26:	1	X	X	X	1	2	1	1	2	1	1
27:	1	1	2	2	2	1	X	1	1	X	1
28:	1	1	X	X	X	1	2	1	1	2	1
29:	1	1	1	2	2	2	1	X	1	1	X
30:	1	1	1	X	X	X	1	2	1	1	2
31:	X	1	1	1	2	2	2	1	X	1	1
32:	2	1	1	1	X	X	X	1	2	1	1
33:	1	X	1	1	1	2	2	2	1	X	1
34:	1	2	1	1	1	X	X	X	1	2	1
35:	1	1	X	1	1	1	2	2	2	1	X
36:	1	1	2	1	1	1	X	X	X	1	2
37:	X	1	1	X	1	1	1	2	2	2	1
38:	2	1	1	2	1	1	1	X	X	X	1
39:	1	X	1	1	X	1	1	1	2	2	2
40:	1	2	1	1	2	1	1	1	X	X	X
41:	2	1	X	1	1	X	1	1	1	2	2
42:	X	1	2	1	1	2	1	1	1	X	X
43:	2	2	1	X	1	1	X	1	1	1	2
44:	X	X	1	2	1	1	2	1	1	1	X
45:	X	X	2	1	1	X	2	1	1	1	1
46:	2	2	X	1	1	2	X	1	1	1	1
47:	1	X	X	2	1	1	X	2	1	1	1
48:	1	2	2	X	1	1	2	X	1	1	1
49:	1	1	X	X	2	1	1	X	2	1	1
50:	1	1	2	2	X	1	1	2	X	1	1
51:	1	1	1	X	X	2	1	1	X	2	1
52:	1	1	1	2	2	X	1	1	2	X	1
53:	1	1	1	1	X	X	2	1	1	X	2
54:	1	1	1	1	2	2	X	1	1	2	X
55:	2	1	1	1	1	X	X	2	1	1	X
56:	X	1	1	1	1	2	2	X	1	1	2
57:	X	2	1	1	1	1	X	X	2	1	1
58:	2	X	1	1	1	1	2	2	X	1	1
59:	1	X	2	1	1	1	1	X	X	2	1
60:	1	2	X	1	1	1	1	2	2	X	1
61:	1	1	X	2	1	1	1	1	X	X	2
62:	1	1	2	X	1	1	1	1	2	2	X
63:	2	1	1	X	2	1	1	1	1	X	X
64:	X	1	1	2	X	1	1	1	1	2	2
65:	X	2	1	1	X	2	1	1	1	1	X
66:	2	X	1	1	2	X	1	1	1	1	2
67:	2	X	1	2	2	1	1	1	2	1	1
68:	X	2	1	X	X	1	1	1	X	1	1
69:	1	2	X	1	2	2	1	1	1	2	1
70:	1	X	2	1	X	X	1	1	1	X	1
71:	1	1	2	X	1	2	2	1	1	1	2
72:	1	1	X	2	1	X	X	1	1	1	X
73:	2	1	1	2	X	1	2	2	1	1	1
74:	X	1	1	X	2	1	X	X	1	1	1
75:	1	2	1	1	2	X	1	2	2	1	1
76:	1	X	1	1	X	2	1	X	X	1	1
77:	1	1	2	1	1	2	X	1	2	2	1
78:	1	1	X	1	1	X	2	1	X	X	1
79:	1	1	1	2	1	1	2	X	1	2	2
80:	1	1	1	X	1	1	X	2	1	X	X
81:	2	1	1	1	2	1	1	2	X	1	2
82:	X	1	1	1	X	1	1	X	2	1	X
83:	2	2	1	1	1	2	1	1	2	X	1
84:	X	X	1	1	1	X	1	1	X	2	1
85:	1	2	2	1	1	1	2	1	1	2	X
86:	1	X	X	1	1	1	X	1	1	X	2
87:	X	1	2	2	1	1	1	2	1	1	2
88:	2	1	X	X	1	1	1	X	1	1	X
89:	2	X	1	X	1	2	1	2	1	1	1
90:	X	2	1	2	1	X	1	X	1	1	1
91:	1	2	X	1	X	1	2	1	2	1	1
92:	1	X	2	1	2	1	X	1	X	1	1
93:	1	1	2	X	1	X	1	2	1	2	1
94:	1	1	X	2	1	2	1	X	1	X	1
95:	1	1	1	2	X	1	X	1	2	1	2
96:	1	1	1	X	2	1	2	1	X	1	X
97:	2	1	1	1	2	X	1	X	1	2	1
98:	X	1	1	1	X	2	1	2	1	X	1
99:	1	2	1	1	1	2	X	1	X	1	2
100:	1	X	1	1	1	X	2	1	2	1	X
101:	2	1	2	1	1	1	2	X	1	X	1
102:	X	1	X	1	1	1	X	2	1	2	1
103:	1	2	1	2	1	1	1	2	X	1	X
104:	1	X	1	X	1	1	1	X	2	1	2
105:	X	1	2	1	2	1	1	1	2	X	1
106:	2	1	X	1	X	1	1	1	X	2	1
107:	1	X	1	2	1	2	1	1	1	2	X
108:	1	2	1	X	1	X	1	1	1	X	2
109:	X	1	X	1	2	1	2	1	1	1	2
110:	2	1	2	1	X	1	X	1	1	1	X
111:	X	X	1	1	X	1	X	1	1	2	1
112:	2	2	1	1	2	1	2	1	1	X	1
113:	1	X	X	1	1	X	1	X	1	1	2
114:	1	2	2	1	1	2	1	2	1	1	X
115:	2	1	X	X	1	1	X	1	X	1	1
116:	X	1	2	2	1	1	2	1	2	1	1
117:	1	2	1	X	X	1	1	X	1	X	1
118:	1	X	1	2	2	1	1	2	1	2	1
119:	1	1	2	1	X	X	1	1	X	1	X
120:	1	1	X	1	2	2	1	1	2	1	2
121:	X	1	1	2	1	X	X	1	1	X	1
122:	2	1	1	X	1	2	2	1	1	2	1
123:	1	X	1	1	2	1	X	X	1	1	X
124:	1	2	1	1	X	1	2	2	1	1	2
125:	X	1	X	1	1	2	1	X	X	1	1
126:	2	1	2	1	1	X	1	2	2	1	1
127:	1	X	1	X	1	1	2	1	X	X	1
128:	1	2	1	2	1	1	X	1	2	2	1
129:	1	1	X	1	X	1	1	2	1	X	X
130:	1	1	2	1	2	1	1	X	1	2	2
131:	X	1	1	X	1	X	1	1	2	1	X
132:	2	1	1	2	1	2	1	1	X	1	2
133:	1	1	1	1	1	1	1	1	1	1	1
